Name|Box Size
Number of Sprites|Right and Up from Bottom Left|Hitbox Size|Repeat Last Three Until Row Ends
Proletariat|31 38
9|9 2|16 34|6 2|18 34|5 2|22 34|5 2|22 33|6 2|19 33|10 2|14 34|9 2|16 35|9 2|16 34|9 2|16 34
9|2 2|22 34|3 2|22 34|0 2|26 34|0 2|27 33|2 2|24 33|4 2|21 34|4 2|22 35|4 2|22 34|5 2|21 34
8|9 2|16 34|9 2|16 35|9 2|16 34|9 2|16 33|9 2|16 34|8 2|17 35|8 2|17 34|8 2|17 33
8|6 2|17 34|6 2|17 35|6 2|17 34|6 2|17 33|6 2|17 34|6 2|17 35|7 2|17 34|6 2|17 33
6|7 2|16 34|7 2|15 34|5 2|17 34|9 2|21 34|9 2|21 34|9 2|21 34
6|1 2|22 34|4 2|18 34|8 2|15 34|3 2|20 34|3 2|20 34|3 2|20 34
6|9 2|16 34|9 2|16 34|5 2|19 34|11 0|16 34|11 0|16 34|11 0|16 34
6|6 2|17 34|6 2|17 34|7 2|18 34|4 4|16 33|4 4|16 33|4 4|16 33